x = [-6.93, -6.78, -6.6, -6.41, -6.18, -5.95, -5.76, -5.5, -5.05, -4.95, -4.90, -4.74, -4.37, -4.14, -3.81, -3.63, -3.34, -3.09, -2.71, -2.58, -2.22, -1.90, -1.63, -1.36, -1.05, -0.81, -.54, -.30, -.14, -.05, 0, 0.52, 1.57, 2.35, 2.49, 2.92 3.09, 3.50, 3.70, 3.83, 3.87, 3.96, 4.03, 4.10];
x = x';

y1 = 60:-2:0;
y1 = y1.*10^-6;

y2 = 0:5:60;
y2 = y2.*10^-3;

y = [y1 y2];
y = y';